{children 
			{
				{transform "Scene Root" 
					{matrix 
						{
							{1.000000 0.000000 0.000000 0.000000 }
							{0.000000 1.000000 0.000000 0.000000 }
							{0.000000 0.000000 1.000000 0.000000 }
							{0.000000 0.000000 0.000000 1.000000 }
						}
					}
					{children 
						{
							{transform "M-bone" 
								{matrix 
									{
										{0.000000 0.000000 -1.000000 0.000000 }
										{0.000000 1.000000 0.000000 0.000000 }
										{1.000000 0.000000 0.000000 -0.000006 }
										{0.000000 0.000000 0.000000 1.000000 }
									}
								}
								{children 
									{
										{transform "M-bone Pelvis" 
											{matrix 
												{
													{0.000001 -1.000000 -0.000001 0.000000 }
													{1.000000 0.000001 0.000000 0.000000 }
													{0.000000 -0.000001 1.000000 -0.265700 }
													{0.000000 0.000000 0.000000 1.000000 }
												}
											}
											{children 
												{
													{transform "M-bone Spine" 
														{matrix 
															{
																{0.000000 -1.000000 0.000003 0.000000 }
																{0.997597 0.000000 -0.069287 11.772695 }
																{0.069287 0.000003 0.997597 -0.277024 }
																{0.000000 0.000000 0.000000 1.000000 }
															}
														}
														{children 
															{
																{transform "M-bone Spine1" 
																	{matrix 
																		{
																			{0.000000 -1.000000 0.000003 0.000000 }
																			{0.994473 0.000000 0.104997 25.990904 }
																			{-0.104997 0.000003 0.994473 0.682720 }
																			{0.000000 0.000000 0.000000 1.000000 }
																		}
																	}
																	{children 
																		{
																			{transform "M-bone Neck" 
																				{matrix 
																					{
																						{0.000000 -1.000000 0.000003 -0.000005 }
																						{0.994571 0.000000 -0.104060 61.083626 }
																						{0.104060 0.000003 0.994571 -4.837603 }
																						{0.000000 0.000000 0.000000 1.000000 }
																					}
																				}
																				{children 
																					{
																						{transform "M-bone Head" 
																							{matrix 
																								{
																									{0.000000 -1.000000 0.000003 -0.000005 }
																									{0.994522 0.000000 -0.104527 70.919205 }
																									{0.104527 0.000003 0.994522 -3.808528 }
																									{0.000000 0.000000 0.000000 1.000000 }
																								}
																							}
																						}
																						{transform "M-bone L Clavicle" 
																							{matrix 
																								{
																									{-1.000000 0.000000 0.000000 -6.841026 }
																									{0.000000 0.994389 -0.105789 55.851822 }
																									{0.000000 -0.105789 -0.994389 -5.584108 }
																									{0.000000 0.000000 0.000000 1.000000 }
																								}
																							}
																							{children 
																								{
																									{transform "M-bone L UpperArm" 
																										{matrix 
																											{
																												{-0.723471 -0.689995 0.022278 -23.632576 }
																												{-0.690068 0.723724 0.005476 55.851822 }
																												{-0.019902 -0.011412 -0.999737 -5.584106 }
																												{0.000000 0.000000 0.000000 1.000000 }
																											}
																										}
																										{children 
																											{
																												{transform "M-bone L Forearm" 
																													{matrix 
																														{
																															{-0.723811 -0.689995 -0.002066 -45.672092 }
																															{-0.689862 0.723724 -0.017736 34.829868 }
																															{0.013733 -0.011412 -0.999841 -6.190382 }
																															{0.000000 0.000000 0.000000 1.000000 }
																														}
																													}
																													{children 
																														{
																															{transform "M-bone L Hand" 
																																{matrix 
																																	{
																																		{-0.723811 -0.002615 0.689994 -67.478935 }
																																		{-0.689862 -0.017159 -0.723738 14.045830 }
																																		{0.013733 -0.999849 0.010616 -5.776646 }
																																		{0.000000 0.000000 0.000000 1.000000 }
																																	}
																																}
																																{children 
																																	{
																																		{transform "M-bone L Finger0" 
																																			{matrix 
																																				{
																																					{-0.148462 -0.986775 0.065074 -67.089470 }
																																					{-0.963668 0.129583 -0.233563 7.338899 }
																																					{0.222042 -0.097385 -0.970162 0.335215 }
																																					{0.000000 0.000000 0.000000 1.000000 }
																																				}
																																			}
																																		}
																																		{transform "M-bone L Finger1" 
																																			{matrix 
																																				{
																																					{-0.425014 -0.002066 0.905184 -77.476883 }
																																					{-0.905028 -0.017736 -0.424981 7.438656 }
																																					{0.016932 -0.999841 0.005668 -1.712959 }
																																					{0.000000 0.000000 0.000000 1.000000 }
																																				}
																																			}
																																		}
																																		{transform "M-bone L Finger2" 
																																			{matrix 
																																				{
																																					{-0.423250 -0.002066 0.906011 -75.494621 }
																																					{-0.905855 -0.017736 -0.423217 7.088159 }
																																					{0.016943 -0.999840 0.005635 -7.277104 }
																																					{0.000000 0.000000 0.000000 1.000000 }
																																				}
																																			}
																																		}
																																	}
																																}
																															}
																														}
																													}
																												}
																											}
																										}
																									}
																								}
																							}
																						}
																						{transform "M-bone R Clavicle" 
																							{matrix 
																								{
																									{1.000000 0.000000 0.000000 6.841025 }
																									{0.000000 -0.994389 -0.105789 55.851822 }
																									{0.000000 0.105789 -0.994389 -5.584108 }
																									{0.000000 0.000000 0.000000 1.000000 }
																								}
																							}
																							{children 
																								{
																									{transform "M-bone R UpperArm" 
																										{matrix 
																											{
																												{0.723471 -0.689995 -0.022278 23.632576 }
																												{-0.690068 -0.723724 0.005476 55.851822 }
																												{-0.019902 0.011412 -0.999737 -5.584109 }
																												{0.000000 0.000000 0.000000 1.000000 }
																											}
																										}
																										{children 
																											{
																												{transform "M-bone R Forearm" 
																													{matrix 
																														{
																															{0.723811 -0.689995 0.002066 45.672092 }
																															{-0.689862 -0.723724 -0.017736 34.829868 }
																															{0.013733 0.011412 -0.999841 -6.190383 }
																															{0.000000 0.000000 0.000000 1.000000 }
																														}
																													}
																													{children 
																														{
																															{transform "M-bone R Hand" 
																																{matrix 
																																	{
																																		{0.723811 -0.002615 -0.689994 67.478935 }
																																		{-0.689862 0.017159 -0.723738 14.045830 }
																																		{0.013733 0.999849 0.010616 -5.776646 }
																																		{0.000000 0.000000 0.000000 1.000000 }
																																	}
																																}
																																{children 
																																	{
																																		{transform "M-bone R Finger0" 
																																			{matrix 
																																				{
																																					{0.148462 -0.986775 -0.065074 67.089470 }
																																					{-0.963668 -0.129583 -0.233563 7.338899 }
																																					{0.222042 0.097385 -0.970162 0.335215 }
																																					{0.000000 0.000000 0.000000 1.000000 }
																																				}
																																			}
																																		}
																																		{transform "M-bone R Finger1" 
																																			{matrix 
																																				{
																																					{0.425014 -0.002066 -0.905184 77.476883 }
																																					{-0.905028 0.017736 -0.424981 7.438656 }
																																					{0.016932 0.999841 0.005668 -1.712959 }
																																					{0.000000 0.000000 0.000000 1.000000 }
																																				}
																																			}
																																		}
																																		{transform "M-bone R Finger2" 
																																			{matrix 
																																				{
																																					{0.423250 -0.002066 -0.906011 75.494621 }
																																					{-0.905854 0.017736 -0.423217 7.088159 }
																																					{0.016943 0.999841 0.005635 -7.277104 }
																																					{0.000000 0.000000 0.000000 1.000000 }
																																				}
																																			}
																																		}
																																	}
																																}
																															}
																														}
																													}
																												}
																											}
																										}
																									}
																								}
																							}
																						}
																					}
																				}
																			}
																		}
																	}
																}
															}
														}
													}
													{transform "M-bone L Thigh" 
														{matrix 
															{
																{-0.103065 0.994668 -0.003638 -10.236446 }
																{-0.994526 -0.103113 -0.016905 0.000000 }
																{-0.017190 0.001875 0.999850 -0.265699 }
																{0.000000 0.000000 0.000000 1.000000 }
															}
														}
														{children 
															{
																{transform "M-bone L Calf" 
																	{matrix 
																		{
																			{-0.102439 0.994668 -0.011914 -15.280448 }
																			{-0.989946 -0.103113 -0.096825 -48.671917 }
																			{-0.097537 0.001875 0.995230 -1.106992 }
																			{0.000000 0.000000 0.000000 1.000000 }
																		}
																	}
																	{children 
																		{
																			{transform "M-bone L Foot" 
																				{matrix 
																					{
																						{0.000000 0.996195 -0.087156 -20.358675 }
																						{-1.000000 0.000000 0.000000 -97.746620 }
																						{0.000000 0.087156 0.996195 -5.942221 }
																						{0.000000 0.000000 0.000000 1.000000 }
																					}
																				}
																				{children 
																					{
																						{transform "M-bone L Toe0" 
																							{matrix 
																								{
																									{-0.087156 0.996195 0.000000 -21.365820 }
																									{0.000000 0.000000 1.000000 -109.518532 }
																									{0.996195 0.087156 0.000000 5.569516 }
																									{0.000000 0.000000 0.000000 1.000000 }
																								}
																							}
																						}
																					}
																				}
																			}
																		}
																	}
																}
															}
														}
													}
													{transform "M-bone R Thigh" 
														{matrix 
															{
																{0.103065 0.994668 0.003638 10.236446 }
																{-0.994526 0.103113 -0.016905 0.000000 }
																{-0.017190 -0.001875 0.999850 -0.265700 }
																{0.000000 0.000000 0.000000 1.000000 }
															}
														}
														{children 
															{
																{transform "M-bone R Calf" 
																	{matrix 
																		{
																			{0.102439 0.994668 0.011914 15.280448 }
																			{-0.989946 0.103113 -0.096825 -48.671917 }
																			{-0.097537 -0.001875 0.995230 -1.106993 }
																			{0.000000 0.000000 0.000000 1.000000 }
																		}
																	}
																	{children 
																		{
																			{transform "M-bone R Foot" 
																				{matrix 
																					{
																						{0.000000 0.996195 0.087156 20.358675 }
																						{-1.000000 0.000000 0.000000 -97.746620 }
																						{0.000000 -0.087156 0.996195 -5.942222 }
																						{0.000000 0.000000 0.000000 1.000000 }
																					}
																				}
																				{children 
																					{
																						{transform "M-bone R Toe0" 
																							{matrix 
																								{
																									{0.087156 0.996195 0.000000 21.365822 }
																									{0.000000 0.000000 1.000000 -109.518532 }
																									{0.996195 -0.087156 0.000000 5.569515 }
																									{0.000000 0.000000 0.000000 1.000000 }
																								}
																							}
																						}
																					}
																				}
																			}
																		}
																	}
																}
															}
														}
													}
												}
											}
										}
									}
								}
							}
						}
					}
				}
			}
		}