{children 
			{
				{transform "Scene Root" 
					{matrix 
						{
							{-1.000000 0.000000 0.000000 0.000000 }
							{0.000000 1.000000 0.000000 0.000000 }
							{0.000000 0.000000 -1.000000 0.000000 }
							{0.000000 0.000000 0.000000 1.000000 }
						}
					}
					{children 
						{
								{transform "FvARM-bone" 
									{matrix 
										{
											{0.000000 0.000000 1.000000 -0.377700 }
											{0.000000 1.000000 0.000000 -11.600698 }
											{-1.000000 0.000000 0.000000 -3.293550 }
											{0.000000 0.000000 0.000000 1.000000 }
										}
									}
									{children 
										{
												{transform "FvARM-bone Pelvis" 
													{matrix 
														{
															{0.000001 -1.000000 -0.000003 0.000000 }
															{1.000000 0.000001 0.000000 13.510314 }
															{0.000000 -0.000003 1.000000 0.000000 }
															{0.000000 0.000000 0.000000 1.000000 }
														}
													}
													{children 
														{
																{transform "FvARM-bone Spine" 
																	{matrix 
																		{
																			{0.000000 -1.000000 0.000001 0.000000 }
																			{1.000000 0.000000 -0.000796 15.827101 }
																			{0.000796 0.000001 1.000000 -0.067515 }
																			{0.000000 0.000000 0.000000 1.000000 }
																		}
																	}
																	{children 
																		{
																				{transform "FvARM-bone Spine1" 
																					{matrix 
																						{
																							{0.000000 -1.000000 0.000001 0.000000 }
																							{1.000000 0.000000 -0.000796 18.021170 }
																							{0.000796 0.000001 1.000000 -0.069607 }
																							{0.000000 0.000000 0.000000 1.000000 }
																						}
																					}
																					{children 
																						{
																								{transform "FvARM-bone Neck" 
																									{matrix 
																										{
																											{0.000000 -1.000000 0.000001 0.000000 }
																											{0.999997 0.000000 -0.002507 22.890322 }
																											{0.002507 0.000001 0.999997 -0.572362 }
																											{0.000000 0.000000 0.000000 1.000000 }
																										}
																									}
																									{children 
																										{
																												{transform "FvARM-bone L Clavicle" 
																													{matrix 
																														{
																															{-0.978626 -0.205648 0.000001 -0.992790 }
																															{-0.205648 0.978626 0.000000 22.037453 }
																															{-0.000001 0.000000 -1.000000 -0.515777 }
																															{0.000000 0.000000 0.000000 1.000000 }
																														}
																													}
																													{children 
																														{
																																{transform "FvARM-bone L UpperArm" 
																																	{matrix 
																																		{
																																			{-0.999989 0.002575 0.003908 -3.244271 }
																																			{0.002575 0.999997 -0.000011 21.564327 }
																																			{-0.003908 -0.000001 -0.999992 -0.515780 }
																																			{0.000000 0.000000 0.000000 1.000000 }
																																		}
																																	}
																																	{children 
																																		{
																																				{transform "FvARM-bone L ForeArm" 
																																					{matrix 
																																						{
																																							{-0.999997 0.002575 0.000032 -7.419961 }
																																							{0.002575 0.999997 -0.000001 21.575083 }
																																							{-0.000032 -0.000001 -1.000000 -0.532097 }
																																							{0.000000 0.000000 0.000000 1.000000 }
																																						}
																																					}
																																					{children 
																																						{
																																								{transform "FvARM-bone L Hand" 
																																									{matrix 
																																										{
																																											{-0.999997 0.000034 -0.002575 -11.060575 }
																																											{0.002575 0.000796 -0.999996 21.584457 }
																																											{-0.000032 -1.000000 -0.000796 -0.532213 }
																																											{0.000000 0.000000 0.000000 1.000000 }
																																										}
																																									}
																																									{children 
																																										{
																																												{transform "FvARM-bone L Finger0" 
																																													{matrix 
																																														{
																																															{-0.917710 -0.350534 -0.186910 -11.213825 }
																																															{-0.326185 0.933472 -0.149108 21.317858 }
																																															{0.226743 -0.075870 -0.970995 0.181206 }
																																															{0.000000 0.000000 0.000000 1.000000 }
																																														}
																																													}
																																													{children 
																																														{
																																																{transform "FvARM-bone L Finger01" 
																																																	{matrix 
																																																		{
																																																			{-0.925569 -0.350534 -0.142995 -11.870221 }
																																																			{-0.332916 0.933472 -0.133405 21.084553 }
																																																			{0.180245 -0.075870 -0.980691 0.343385 }
																																																			{0.000000 0.000000 0.000000 1.000000 }
																																																		}
																																																	}
																																																	{children 
																																																		{
																																																				{transform "FvARM-bone L Finger02" 
																																																					{matrix 
																																																						{
																																																							{-0.931925 -0.350534 -0.092958 -12.297487 }
																																																							{-0.339615 0.933472 -0.115289 20.930870 }
																																																							{0.127187 -0.075870 -0.988973 0.426590 }
																																																							{0.000000 0.000000 0.000000 1.000000 }
																																																						}
																																																					}
																																																				}
																																																		}
																																																	}
																																																}
																																														}
																																													}
																																												}
																																												{transform "FvARM-bone L Finger1" 
																																													{matrix 
																																														{
																																															{-0.997937 -0.060895 -0.020355 -12.525431 }
																																															{0.020933 -0.008869 -0.999742 21.950771 }
																																															{0.060699 -0.998105 0.010126 0.011739 }
																																															{0.000000 0.000000 0.000000 1.000000 }
																																														}
																																													}
																																													{children 
																																														{
																																																{transform "FvARM-bone L Finger11" 
																																																	{matrix 
																																																		{
																																																			{-0.997602 -0.060895 0.032894 -13.050497 }
																																																			{-0.032413 -0.008869 -0.999435 21.961784 }
																																																			{0.061152 -0.998105 0.006874 0.043676 }
																																																			{0.000000 0.000000 0.000000 1.000000 }
																																																		}
																																																	}
																																																	{children 
																																																		{
																																																				{transform "FvARM-bone L Finger12" 
																																																					{matrix 
																																																						{
																																																							{-0.979447 -0.060895 0.192289 -13.587359 }
																																																							{-0.192108 -0.008869 -0.981334 21.944342 }
																																																							{0.061464 -0.998105 -0.003011 0.076585 }
																																																							{0.000000 0.000000 0.000000 1.000000 }
																																																						}
																																																					}
																																																				}
																																																		}
																																																	}
																																																}
																																														}
																																													}
																																												}
																																												{transform "FvARM-bone L Finger2" 
																																													{matrix 
																																														{
																																															{-0.999667 -0.025755 0.001655 -12.579257 }
																																															{-0.001483 -0.006696 -0.999976 22.025696 }
																																															{0.025765 -0.999646 0.006656 -0.426427 }
																																															{0.000000 0.000000 0.000000 1.000000 }
																																														}
																																													}
																																													{children 
																																														{
																																																{transform "FvARM-bone L Finger21" 
																																																	{matrix 
																																																		{
																																																			{-0.999185 -0.025755 0.031075 -13.175730 }
																																																			{-0.030912 -0.006696 -0.999500 22.024811 }
																																																			{0.025950 -0.999646 0.005895 -0.411054 }
																																																			{0.000000 0.000000 0.000000 1.000000 }
																																																		}
																																																	}
																																																	{children 
																																																		{
																																																				{transform "FvARM-bone L Finger22" 
																																																					{matrix 
																																																						{
																																																							{-0.987870 -0.025755 0.153130 -13.733220 }
																																																							{-0.153007 -0.006696 -0.988202 22.007565 }
																																																							{0.026476 -0.999646 0.002674 -0.396575 }
																																																							{0.000000 0.000000 0.000000 1.000000 }
																																																						}
																																																					}
																																																				}
																																																		}
																																																	}
																																																}
																																														}
																																													}
																																												}
																																												{transform "FvARM-bone L Finger3" 
																																													{matrix 
																																														{
																																															{-0.997537 0.070135 0.001137 -12.558902 }
																																															{-0.001610 -0.006691 -0.999976 21.980061 }
																																															{-0.070126 -0.997515 0.006788 -0.810883 }
																																															{0.000000 0.000000 0.000000 1.000000 }
																																														}
																																													}
																																													{children 
																																														{
																																																{transform "FvARM-bone L Finger31" 
																																																	{matrix 
																																																		{
																																																			{-0.994616 0.070135 0.076287 -13.085469 }
																																																			{-0.076943 -0.006691 -0.997013 21.979210 }
																																																			{-0.069415 -0.997515 0.012052 -0.847900 }
																																																			{0.000000 0.000000 0.000000 1.000000 }
																																																		}
																																																	}
																																																	{children 
																																																		{
																																																				{transform "FvARM-bone L Finger32" 
																																																					{matrix 
																																																						{
																																																							{-0.958562 0.070135 0.276117 -13.627353 }
																																																							{-0.277244 -0.006691 -0.960776 21.937292 }
																																																							{-0.065536 -0.997515 0.025859 -0.885719 }
																																																							{0.000000 0.000000 0.000000 1.000000 }
																																																						}
																																																					}
																																																				}
																																																		}
																																																	}
																																																}
																																														}
																																													}
																																												}
																																												{transform "FvARM-bone L Finger4" 
																																													{matrix 
																																														{
																																															{-0.975200 0.221327 0.000224 -12.479596 }
																																															{-0.001535 -0.005751 -0.999982 21.942820 }
																																															{-0.221321 -0.975183 0.005948 -1.173319 }
																																															{0.000000 0.000000 0.000000 1.000000 }
																																														}
																																													}
																																													{children 
																																														{
																																																{transform "FvARM-bone L Finger41" 
																																																	{matrix 
																																																		{
																																																			{-0.968996 0.221327 0.109820 -12.877130 }
																																																			{-0.113907 -0.005751 -0.993475 21.942196 }
																																																			{-0.219251 -0.975183 0.030783 -1.263539 }
																																																			{0.000000 0.000000 0.000000 1.000000 }
																																																		}
																																																	}
																																																	{children 
																																																		{
																																																				{transform "FvARM-bone L Finger42" 
																																																					{matrix 
																																																						{
																																																							{-0.939568 0.221327 0.261204 -13.335037 }
																																																							{-0.269099 -0.005751 -0.963095 21.888367 }
																																																							{-0.211657 -0.975183 0.064962 -1.367148 }
																																																							{0.000000 0.000000 0.000000 1.000000 }
																																																						}
																																																					}
																																																				}
																																																		}
																																																	}
																																																}
																																														}
																																													}
																																												}
																																										}
																																									}
																																								}
																																						}
																																					}
																																				}
																																				{transform "FvARM-bone L ForeTwist" 
																																					{matrix 
																																						{
																																							{-0.999997 0.002575 0.000033 -7.419961 }
																																							{0.002575 0.999997 0.000257 21.575083 }
																																							{-0.000032 0.000257 -1.000000 -0.532097 }
																																							{0.000000 0.000000 0.000000 1.000000 }
																																						}
																																					}
																																				}
																																		}
																																	}
																																}
																														}
																													}
																												}
																												{transform "FvARM-bone R Clavicle" 
																													{matrix 
																														{
																															{0.978626 -0.205648 0.000001 0.992791 }
																															{-0.205648 -0.978626 0.000000 22.037453 }
																															{0.000001 0.000000 -1.000000 -0.515774 }
																															{0.000000 0.000000 0.000000 1.000000 }
																														}
																													}
																													{children 
																														{
																																{transform "FvARM-bone R UpperArm" 
																																	{matrix 
																																		{
																																			{0.999989 0.002575 -0.003905 3.244273 }
																																			{0.002575 -0.999997 -0.000011 21.564327 }
																																			{-0.003905 0.000001 -0.999992 -0.515771 }
																																			{0.000000 0.000000 0.000000 1.000000 }
																																		}
																																	}
																																	{children 
																																		{
																																				{transform "FvARM-bone R ForeArm" 
																																					{matrix 
																																						{
																																							{0.999997 0.002575 -0.000029 7.419962 }
																																							{0.002575 -0.999997 -0.000001 21.575083 }
																																							{-0.000029 0.000001 -1.000000 -0.532075 }
																																							{0.000000 0.000000 0.000000 1.000000 }
																																						}
																																					}
																																					{children 
																																						{
																																								{transform "FvARM-bone R Hand" 
																																									{matrix 
																																										{
																																											{0.999997 0.000031 0.002575 11.060576 }
																																											{0.002575 -0.000795 -0.999996 21.584457 }
																																											{-0.000029 1.000000 -0.000796 -0.532180 }
																																											{0.000000 0.000000 0.000000 1.000000 }
																																										}
																																									}
																																									{children 
																																										{
																																												{transform "FvARM-bone R Finger0" 
																																													{matrix 
																																														{
																																															{0.917709 -0.350534 0.186913 11.213824 }
																																															{-0.326185 -0.933472 -0.149108 21.317858 }
																																															{0.226745 0.075869 -0.970994 0.181239 }
																																															{0.000000 0.000000 0.000000 1.000000 }
																																														}
																																													}
																																													{children 
																																														{
																																																{transform "FvARM-bone R Finger01" 
																																																	{matrix 
																																																		{
																																																			{0.925569 -0.350534 0.142998 11.870218 }
																																																			{-0.332916 -0.933472 -0.133405 21.084553 }
																																																			{0.180248 0.075869 -0.980691 0.343420 }
																																																			{0.000000 0.000000 0.000000 1.000000 }
																																																		}
																																																	}
																																																	{children 
																																																		{
																																																				{transform "FvARM-bone R Finger02" 
																																																					{matrix 
																																																						{
																																																							{0.931925 -0.350534 0.092961 12.297485 }
																																																							{-0.339615 -0.933472 -0.115289 20.930870 }
																																																							{0.127189 0.075869 -0.988972 0.426627 }
																																																							{0.000000 0.000000 0.000000 1.000000 }
																																																						}
																																																					}
																																																				}
																																																		}
																																																	}
																																																}
																																														}
																																													}
																																												}
																																												{transform "FvARM-bone R Finger1" 
																																													{matrix 
																																														{
																																															{0.997936 -0.060898 0.020355 12.525430 }
																																															{0.020933 0.008869 -0.999742 21.950771 }
																																															{0.060702 0.998105 0.010126 0.011777 }
																																															{0.000000 0.000000 0.000000 1.000000 }
																																														}
																																													}
																																													{children 
																																														{
																																																{transform "FvARM-bone R Finger11" 
																																																	{matrix 
																																																		{
																																																			{0.997602 -0.060898 -0.032894 13.050496 }
																																																			{-0.032413 0.008869 -0.999435 21.961784 }
																																																			{0.061155 0.998105 0.006874 0.043715 }
																																																			{0.000000 0.000000 0.000000 1.000000 }
																																																		}
																																																	}
																																																	{children 
																																																		{
																																																				{transform "FvARM-bone R Finger12" 
																																																					{matrix 
																																																						{
																																																							{0.979447 -0.060898 -0.192289 13.587358 }
																																																							{-0.192108 0.008869 -0.981334 21.944342 }
																																																							{0.061467 0.998105 -0.003012 0.076626 }
																																																							{0.000000 0.000000 0.000000 1.000000 }
																																																						}
																																																					}
																																																				}
																																																		}
																																																	}
																																																}
																																														}
																																													}
																																												}
																																												{transform "FvARM-bone R Finger2" 
																																													{matrix 
																																														{
																																															{0.999667 -0.025758 -0.001655 12.579258 }
																																															{-0.001483 0.006696 -0.999976 22.025696 }
																																															{0.025768 0.999646 0.006656 -0.426389 }
																																															{0.000000 0.000000 0.000000 1.000000 }
																																														}
																																													}
																																													{children 
																																														{
																																																{transform "FvARM-bone R Finger21" 
																																																	{matrix 
																																																		{
																																																			{0.999185 -0.025758 -0.031075 13.175731 }
																																																			{-0.030912 0.006696 -0.999500 22.024811 }
																																																			{0.025953 0.999646 0.005894 -0.411014 }
																																																			{0.000000 0.000000 0.000000 1.000000 }
																																																		}
																																																	}
																																																	{children 
																																																		{
																																																				{transform "FvARM-bone R Finger22" 
																																																					{matrix 
																																																						{
																																																							{0.987870 -0.025758 -0.153130 13.733221 }
																																																							{-0.153007 0.006696 -0.988202 22.007565 }
																																																							{0.026479 0.999646 0.002674 -0.396534 }
																																																							{0.000000 0.000000 0.000000 1.000000 }
																																																						}
																																																					}
																																																				}
																																																		}
																																																	}
																																																}
																																														}
																																													}
																																												}
																																												{transform "FvARM-bone R Finger3" 
																																													{matrix 
																																														{
																																															{0.997537 0.070132 -0.001137 12.558904 }
																																															{-0.001610 0.006691 -0.999976 21.980061 }
																																															{-0.070123 0.997515 0.006788 -0.810845 }
																																															{0.000000 0.000000 0.000000 1.000000 }
																																														}
																																													}
																																													{children 
																																														{
																																																{transform "FvARM-bone R Finger31" 
																																																	{matrix 
																																																		{
																																																			{0.994616 0.070132 -0.076288 13.085471 }
																																																			{-0.076943 0.006691 -0.997013 21.979210 }
																																																			{-0.069412 0.997515 0.012052 -0.847861 }
																																																			{0.000000 0.000000 0.000000 1.000000 }
																																																		}
																																																	}
																																																	{children 
																																																		{
																																																				{transform "FvARM-bone R Finger32" 
																																																					{matrix 
																																																						{
																																																							{0.958562 0.070132 -0.276117 13.627355 }
																																																							{-0.277244 0.006691 -0.960776 21.937292 }
																																																							{-0.065534 0.997515 0.025858 -0.885678 }
																																																							{0.000000 0.000000 0.000000 1.000000 }
																																																						}
																																																					}
																																																				}
																																																		}
																																																	}
																																																}
																																														}
																																													}
																																												}
																																												{transform "FvARM-bone R Finger4" 
																																													{matrix 
																																														{
																																															{0.975200 0.221324 -0.000224 12.479600 }
																																															{-0.001535 0.005751 -0.999982 21.942820 }
																																															{-0.221318 0.975183 0.005948 -1.173282 }
																																															{0.000000 0.000000 0.000000 1.000000 }
																																														}
																																													}
																																													{children 
																																														{
																																																{transform "FvARM-bone R Finger41" 
																																																	{matrix 
																																																		{
																																																			{0.968997 0.221324 -0.109820 12.877133 }
																																																			{-0.113907 0.005751 -0.993475 21.942196 }
																																																			{-0.219248 0.975183 0.030783 -1.263501 }
																																																			{0.000000 0.000000 0.000000 1.000000 }
																																																		}
																																																	}
																																																	{children 
																																																		{
																																																				{transform "FvARM-bone R Finger42" 
																																																					{matrix 
																																																						{
																																																							{0.939568 0.221324 -0.261204 13.335042 }
																																																							{-0.269099 0.005751 -0.963095 21.888367 }
																																																							{-0.211654 0.975183 0.064961 -1.367108 }
																																																							{0.000000 0.000000 0.000000 1.000000 }
																																																						}
																																																					}
																																																				}
																																																		}
																																																	}
																																																}
																																														}
																																													}
																																												}
																																										}
																																									}
																																								}
																																						}
																																					}
																																				}
																																				{transform "FvARM-bone R ForeTwist" 
																																					{matrix 
																																						{
																																							{0.999997 0.002575 -0.000029 7.419962 }
																																							{0.002575 -0.999997 0.000257 21.575083 }
																																							{-0.000029 -0.000257 -1.000000 -0.532075 }
																																							{0.000000 0.000000 0.000000 1.000000 }
																																						}
																																					}
																																				}
																																		}
																																	}
																																}
																														}
																													}
																												}
																										}
																									}
																								}
																						}
																					}
																				}
																		}
																	}
																}
														}
													}
												}
										}
									}
								}
								{transform "Dummy01" 
									{matrix 
										{
											{0.959363 0.053984 0.276964 -1.191993 }
											{-0.109798 0.975592 0.190168 -3.562034 }
											{-0.259938 -0.212850 0.941874 -4.031175 }
											{0.000000 0.000000 0.000000 1.000000 }
										}
									}
									{children 
										{
												{transform "Box01" 
													{matrix 
														{
															{1.000000 0.000000 0.000000 -2.133133 }
															{0.000000 1.000000 0.000000 -3.867469 }
															{0.000000 0.000000 1.000000 -16.237881 }
															{0.000000 0.000000 0.000000 1.000000 }
														}
													}
												}
												{transform "Box03" 
													{matrix 
														{
															{1.000000 0.000000 0.000000 -2.470181 }
															{0.000000 1.000000 0.000000 -3.467702 }
															{0.000000 0.000000 1.000000 -9.412545 }
															{0.000000 0.000000 0.000000 1.000000 }
														}
													}
												}
												{transform "Box02" 
													{matrix 
														{
															{1.000000 0.000000 0.000000 -2.133117 }
															{0.000000 1.000000 0.000000 -6.095367 }
															{0.000000 0.000000 1.000000 -8.706182 }
															{0.000000 0.000000 0.000000 1.000000 }
														}
													}
												}
										}
									}
								}
						}
					}
				}
			}
		}